0.001
0.000998458666866564
0.0009938441702975688
0.0009861849601988382
0.0009755282581475767
0.0009619397662556432
0.0009455032620941838
0.000926320082177046
0.0009045084971874736
0.0008802029828000154
0.0008535533905932736
0.0008247240241650918
0.0007938926261462365
0.0007612492823579742
0.0007269952498697732
0.0006913417161825447
0.0006545084971874736
0.0006167226819279527
0.0005782172325201154
0.0005392295478639224
0.0004999999999999999
0.0004607704521360775
0.0004217827674798846
0.0003832773180720472
0.0003454915028125262
0.00030865828381745506
0.0002730047501302265
0.0002387507176420255
0.0002061073738537634
0.00017527597583490815
0.0001464466094067262
0.00011979701719998447
9.549150281252627e-05
7.367991782295387e-05
5.4496737905816076e-05
3.806023374435661e-05
2.447174185242322e-05
1.3815039801161714e-05
6.155829702431168e-06
1.5413331334360176e-06
