0.4925640646709816
0.3077943740781945
0.26319103525169113
0.23631410420671708
0.21639577425253798
0.20302495425110306
0.18721657299966826
0.17401917358594282
0.16061462208167956
0.15098458472718754
0.13625412510394225
0.12707252078441414
0.11564283023502972
0.10520789279207302
0.09170030771609722
0.08442141078730254
0.07379002311030652
0.06662646582775088
0.05611884016776954
0.04943600215269367
0.042587831043012774
0.03594535759795132
0.03212275237889031
0.027996885027043394
0.0241671249225201
0.02120799855202504
0.017670410856606315
0.015841939253608453
0.013809386075651551
0.012319903950355123
0.01073363209445179
0.009744022686807895
0.009735365876052251
0.00972406166314427
0.008792495510085667
