0.5030823523799578
0.36655336811586664
0.3298340566732265
0.3037435444140876
0.2872417702994965
0.27249485764790465
0.23545870253885234
0.2207435657856641
0.21253919822198372
0.20386603957525007
0.1970550965655733
0.19299940419969736
0.17163668317651307
0.16310647737096856
0.1598924801995357
0.15649348186949888
0.15189429593307
0.14832147024571896
0.14125946419382537
0.13557812895763804
0.1342354910793128
0.13236551186828702
0.1312345878255588
0.12974782150100778
0.1264646187838581
0.12456998580859767
0.12420937198179739
0.12277934258734738
0.12177964444789621
0.12075267256134087
