0.5443442487068522
0.4088028265056071
0.3753137860312136
0.35001746471375544
0.3331252724361191
0.3172899397896297
0.3072965478163157
0.2951956287916027
0.2856674452961635
0.27254108236288466
0.26314692578113663
0.2546711508621539
0.24455332010190114
0.23760917249804875
0.22518461382687727
0.21886643267341896
0.21159370942140565
0.20396889017017156
0.19334699937116617
0.18810212787693498
0.18190774457779393
0.1739569661308771
0.16728399845281008
0.16325339716650658
0.160277509811654
0.1568293224579331
0.1528859735607529
0.15214714459749237
0.15082913838120413
0.1497379157926514
