0.4613347072908873
0.29399352535796064
0.2496457020007471
0.2240426207958127
0.20512337057289284
0.19052094023531752
0.1750741530098577
0.15950293607239338
0.14965310714233404
0.13594452288549846
0.12675309617485384
0.11419079033508976
0.10295907634773108
0.09267201967316983
0.08255830596435441
0.07280071537052073
0.06515810703948093
0.05584509713775806
0.04903024640073305
0.04270781742841768
0.037555610492472045
0.031281121120825886
0.028627326216068127
0.02375061330616351
0.02086956756373645
0.01799392774652095
0.01542063844603683
0.012707934322014107
0.010817414692282598
0.009774589716839834
0.007868348255250002
0.007256788249226358
0.006362443686750751
0.005570463480214144
0.0051851598895279
0.004400478682252328
0.004220635615522104
0.0041631293609717375
0.003984656784169836
0.004167605065978316
