0.4592649640876855
0.2922593637395388
0.25038781832021945
0.2250761374402275
0.20619265441256546
0.18892967362187182
0.17540912517606577
0.16093175933916748
0.1475901859683364
0.13399813583355025
0.12442597246238354
0.11173977203039663
0.09845575735445565
0.08880206889439143
0.08039941034142746
0.06868264597228993
0.06307957227478848
0.05317322575777118
0.04648554885883067
0.04230937287673108
0.036025170057362665
0.031420231513829944
0.026219787103481898
0.02225187045616606
0.01921223954297354
0.016354179641453803
0.014388335813549277
0.011491253322243804
0.01059785462780431
0.009175478307149453
0.006793601874091815
0.006454206325925082
0.006073964882948831
0.004936667448438422
0.0045405524513641516
0.004282003153115014
0.003872587810542476
0.0038712114222559466
0.00357460450847974
0.0032214050073296266
