0.5163833586963763
0.3990072248491651
0.3639629970131907
0.3384972102860652
0.3246143025153481
0.30900265491688683
0.2946295965232575
0.2841200377307594
0.26960762925366605
0.25752840887731326
0.2524898859825152
0.23902221141990695
0.22790735322179825
0.21715105224106865
0.2080114947349977
0.1972506183829071
0.18749700475936887
0.1788461296630503
0.16882620004416782
0.16075686215639495
0.155297131911079
0.14627929445086066
0.13918706875985493
0.13388418343498001
0.12718783476070236
0.12488684343344876
0.1234582125334375
0.11723291283763294
0.11652130188657714
0.11512150191493443
