0.5410025953325127
0.4100435678638629
0.3737914489149285
0.3518192022959434
0.33274422037893775
0.3209142429011463
0.30685061611123937
0.29638586572206604
0.2844968276745729
0.27549190895516734
0.26391519331283914
0.2557146206799982
0.24757764745813443
0.2371929359477339
0.22909904327362712
0.2198857583248539
0.20984112293417775
0.20360750557660168
0.192862625593252
0.1865031125583946
0.18061441865993905
0.17499841853324918
0.17000170469855957
0.16405203438866367
0.16017619807368466
0.15720178406121635
0.15226547271291266
0.15080329699556966
0.1501648045146961
0.14796447558110076
