5.763524632971241957e-01
3.720006388875673475e-01
3.306730527360484118e-01
3.061626852964455248e-01
2.882566692413024434e-01
2.746041739043199592e-01
2.574656116512586412e-01
2.506780021314350959e-01
2.144033530691884515e-01
2.004232291343077121e-01
1.934460200509935113e-01
1.916865875136177511e-01
1.857116566795223300e-01
1.800818091855858893e-01
1.785757720189274367e-01
1.739485717888148431e-01
1.635959840748670013e-01
1.582506771357554409e-01
1.583059196061683271e-01
1.552215047742960541e-01
1.546051053084292470e-01
1.540409986562324141e-01
1.524358445181036859e-01
1.508769271368125831e-01
1.466028180043652263e-01
1.499191415759752455e-01
1.477532408569219025e-01
1.456637111193729017e-01
1.476597680516962829e-01
1.465882767905604123e-01
