0.5535643507899252
0.4168567713548634
0.3795375162636293
0.3579567009563258
0.33770266894910383
0.3208899855740797
0.3094715705669638
0.29501697187548254
0.2858804076560525
0.2741727678935284
0.2646435431516501
0.25535253601383046
0.2429040863649296
0.23282502538391522
0.2243915578799207
0.21315290047916205
0.20506414945429957
0.1969441611732819
0.18670024208502092
0.18019059354038253
0.1707599062297835
0.16180060764373555
0.1560411659508213
0.14993966268752812
0.1453774763978144
0.1411924972129402
0.13731175037160484
0.13383677665557245
0.13177755870210972
0.13194529634159702
