0.48349458142829094
0.30824836148127815
0.25943724708611776
0.23391839018317936
0.21762285788636854
0.19639864110393818
0.18533296501839847
0.1671956992988139
0.15823397075713697
0.14558366077668122
0.13226929753581915
0.12257662422454624
0.1103498519473731
0.09927655080917167
0.09069999368456222
0.0793379478311456
0.07279722806441584
0.06266180583154723
0.05484012821848109
0.047401001430682536
0.04251043140334186
0.034610184800646294
0.030901994390191256
0.02647780232379205
0.02215734815036606
0.019008593387505376
0.016523933682650545
0.015325859791309045
0.013298293746916502
0.010495403242864158
0.010058473087200618
0.009680781247484475
0.00933968813067599
0.008450608674947149
0.008239402536776658
