0.49777548979403874
0.3898125852285418
0.3604910152156089
0.33462379013360943
0.31732760645401503
0.30137977032646185
0.28798784141633305
0.27297882588782796
0.26143528244642816
0.2526881388191984
0.23907620204823105
0.22746210751423576
0.2128979877463536
0.20304353805636166
0.1877324236060447
0.17615906704765266
0.1640770796483863
0.15224913438198281
0.1436233482440747
0.131230098554797
0.12460520171097664
0.11497787559138876
0.1077849707538401
0.09965161951099917
0.09421422315646273
0.0920180113497637
0.08551374284514804
0.0838715330765112
0.08260699051684503
0.08031407044108298
